0.42383744924755773
0.2829844459087859
0.1960490736626499
0.06961960917043038
0.3529632798131337
0.3370606830283267
-0.036236265722744875
0.2828688075762178
0.132966519800494
0.2202048079769079
-0.475249515876588
-0.3644737984049494
-0.16517271944126682
0.24604215927701822
0.1913504492414803
0.34882423766221515
0.5472793559952138
0.5479593490678439
0.47830966643228284
0.6124087357573288
0.7521182332931766
0.6179383702572205
0.7828939286957434
0.6750415429013769
0.7267191054146984
0.5717626041524275
0.8299585583832629
0.5193660063951432
0.5792622023905927
0.5402050483703889
0.24764643491055927
0.5257265815479483
0.5434797793845723
0.7211388531505725
0.5654842806375106
0.4379093110366602
0.6666012447860487
0.44121199375799613
0.511455699909321
0.46114346635032966
0.6018142985518129
0.8674689627779856
0.7182573070615528
0.36771233554949084
0.5184441277086879
0.28052011668408133
0.49699186621700137
0.5214231622194437
0.6198300620883205
0.5329586315802796
0.48880596266501025
0.4616156540995379
0.17462417023335344
0.5439104639019965
0.3396061017799352
0.5060772510846485
0.48817602278147826
0.2712464194748743
0.7746135824841024
0.6222139638138358
0.5859438095512894
0.28930953893637484
0.18384535172933128
0.27394560160413284
0.3757237847087799
0.09200670992408079
0.1721537396363978
-0.16542203152492974
-0.3632520063209472
-0.29350240761553964
0.015952785646716063
-0.02577708991332916
0.29649233475556036
0.3843042309403757
0.6880143946672302
0.21483374838057712
0.44540387557952443
0.6020430944559366
0.7848808590732106
0.7146496958556644
0.727532618384706
0.9444389545837811
0.7731845884086467
0.5811304207116222
0.897921769949667
1.073495529753325
1.2482896712383469
0.8793276686505764
0.9575251682258247
1.076114000147835
1.1798966659344459
1.190829848165817
0.8938563471853601
0.8442977081361064
0.15863624628619644
0.5514011031279976
0.6452371843018309
0.4743956975253175
0.817494332293808
0.7656705690098765
0.7641083286550693
0.8161286829407624
0.8469592723999686
0.7452370304571649
0.8329031201777827
1.0676646904847855
0.9902308041064284
0.9316832754389263
1.174935038899607
0.805462304736295
1.0554440359031043
0.7921667675623894
1.0087486420500598
0.04630145192699452
-0.03988872901549722
-0.36848345397791293
-0.2135301501106733
-0.27161456360614045
-0.007373224636331596
0.1454364077987469
0.2557784826831982
0.17108762841733013
-0.06217543320523627
0.3211683914889893
0.15032520690585208
0.4200347246432956
0.522621998465978
0.6535128925293953
0.7338318015805831
0.6014276189323778
0.8958854481843612
1.0698893920556998
1.0423202129112996
1.0011202175762894
1.043208133467178
1.2958646199603858
0.7470802176340063
0.4895343256285109
1.0418178671799467
0.824190541194948
0.9219843914030287
-0.7817795070713554
-0.8625403514296784
0.32546634330986457
0.5137477249918779
-0.8449840029550748
0.483632554096522
0.5057603219099899
0.7919990042007933
-1.915398766245214
-2.1646165649834015
-1.663064513715191
-0.9994639173264194
-1.640469323784381
-1.4674437451128064
-2.1720324545939262
-1.9392461527230498
-1.534618110620178
-1.7842997866650772
-2.3670168156347207
-2.931857439192979
-1.7101262172271632
-0.7587615331438388
-0.1844233598302569
-0.2780545508528976
0.2620131639809542
0.5980223161102179
0.5787806627369333
0.6331964491039649
0.7413203157825278
0.8817259253482267
0.7067146777613788
0.4831963262347299
0.8542245702692564
1.2845538297934629
1.2402784719283853
1.0572319018255112
1.1947747229016825
0.5456235881636459
1.1451906440539856
0.7309658280273845
1.1629941517116746
1.2050406621013994
0.060407672170667344
0.822660212867332
0.8344696985943947
0.6987232911608653
0.38709103598259165
0.7233835635882049
0.5230019424205561
0.6781974192317765
0.9313670482690404
0.6949553993278197
0.4323050927027632
0.7073304528544897
0.31964939995395597
0.18571095853620162
0.4797607213158235
-0.6441562650441408
-0.06993834618333762
-0.1613107868068255
0.3087298560780877
0.35668354116918727
-0.45794888922726956
-0.38120717659280934
0.08460584021380864
-0.22945235089729143
0.052013432389425254
-0.25351292433768247
-1.236515866969082
-2.523281726293591
-1.2945879537561982
-0.5392117837333582
-0.10932794849480924
-0.017243550163347127
0.2852267162204409
0.28343003995910127
0.4218739281082126
0.38153122307954124
0.40031363834225037
0.3756975091333582
0.606865382522293
0.0743835375502053
-2.187533716040582
-0.5899708890450128
0.20819115644775965
0.1746977938546771
0.7087534110291697
0.333632344360307
0.1579909755839187
0.13532833251364768
-0.9883429588850748
-2.0329794953057596
-1.6578546190426626
-1.0259271466838056
-0.8929732353125706
-0.8291077197246481
-0.20645495146858597
-0.09556439473715991
0.10005965308982515
0.3234943033778387
0.43410022248712954
-1.0600984807652347
-1.8842091660738125
-1.3213109511371801
-1.254248575637726
-0.8082297208497784
-0.3933941977333055
-0.539143494762473
-0.1872330681476394
0.2350768967499048
0.5184076714856881
0.27102597411046103
0.28490995064028984
-0.7724121428274429
-0.2618665214955401
0.10855842930364004
0.4025638175953921
-0.2255399152161327
0.026884961014472825
0.11456709605438388
0.41571837732924294
0.48497762204748784
0.08272793585067902
0.15800506152751645
0.7995143754805166
0.9180227548413703
0.4691408208468571
0.48444109306729927
0.12370985141347585
0.33357905336386756
0.051199064794962154
0.06810657576597713
0.02104530421327189
-0.09634316519961095
-0.38674574217548996
0.010931118877439201
-0.42593995205754565
-0.5361851679773684
-0.7240038931828842
-0.48623322964232635
-0.8537006325242977
-0.6486245793445755
-0.9413746279430895
-0.6006040279958418
-0.7755526027386225
-0.539255902923203
-0.30193681242286147
-0.08130246913672204
-1.0152351938812512
-0.1930818103856466
-0.36947970264668417
0.3123860772224179
0.5250535565810225
0.21091262084822887
0.3698809270448043
0.29690320840513484
0.5868417331951193
0.8815767901263327
0.8814827575186527
0.3608868160904202
0.6768028882854614
0.04997798252163439
-0.6184375343961899
-1.160127511446545
-2.3481349986947877
-1.2404324812056169
-2.508207587741206
-0.5088296931306165
-2.700694995910731
-1.4451796176559972
-0.7522297082714889
-0.5705596506629752
-0.31359910577455136
0.12249877859112145
0.270758227044305
0.41828434178157226
0.52091238923015
0.6908143721084522
0.41016633922554746
0.23313549103737313
0.4300005876177995
0.6022621349522216
0.6188709296047554
1.068349872992722
0.4849842374993545
-2.30562536986807
-0.6737491595970926
-0.46716232224504367
-2.483992848591912
-0.7240927758942697
-0.37374690587684906
0.360775321588997
0.5781392840282167
-0.1109026969618177
-0.6295581423838826
-0.09768912738852584
0.31647258702482284
0.20689261343526305
0.16623695586681964
0.05413748613035452
0.18373870338881618
0.6175779694328609
0.7542352960713482
0.4432059247103907
0.6608477168504763
0.7331335138772739
0.3814439717101668
0.48806011336154037
0.4141898272639586
0.16949318221693596
0.06895967872907179
0.21681989509273297
0.4366152643554321
-0.9061922946378959
-0.4795846877300446
-0.3118311729615366
-0.6579771657145662
-0.2791225962214348
0.6036670826828044
0.6960610024232338
-0.19580300796448993
0.21688316253687445
0.5908933549476516
0.351369886880413
0.7153096371922222
0.6022622097625788
0.5091845381828456
0.22382803794795514
0.6085983241045246
0.9784131235663039
0.4682803260035463
0.6756167328384022
0.7009478527564422
0.8740669463412426
0.884033255554624
0.6380073026216462
1.031311859304248
0.7868493162023257
0.29361433827569494
-0.23930608132192363
0.24275837128398836
0.35353154872478637
0.48724080532272884
0.4938969022008495
0.1630965204176371
0.6153935368352917
0.987725956681963
0.5802075060373156
0.7053962853841637
0.6397904672234528
0.4529062381115335
0.5997826303552273
0.5705186953603616
0.5210878353427302
-0.22401388837660763
0.531568515826159
0.6825405562034185
0.5080807006990198
0.5324316840559601
0.11534015571630558
-0.8899596338339651
-0.28835880980041856
0.2639046040234433
0.30560344867488126
-0.08082789981056522
0.05027315327922004
-0.02039972392993969
-0.1848105791414096
-1.655947904507521
-1.3002384635059983
-0.46775085291265717
-0.2094758582557846
0.28368876967564655
0.18278607524898519
-0.49744825320714336
-0.2875820312971686
-0.0030185600163782056
-0.4491425462624985
-1.6104793702482079
-0.4436040134661183
0.003925778654794227
-0.13375188435354765
-1.136068196327788
-1.2523486493071994
-1.387419898882529
-1.0638309890817388
-0.6977629667407169
-0.8859178803702911
-1.5940296543625483
-1.97346225036374
-2.152057057621954
-1.6792600619834919
-0.784546342209719
-0.46582073902430293
-0.16261043878502185
-0.13410368264333675
-0.18513056017791474
-0.851320019976704
-0.5913690476273772
0.12138058034302379
-0.41908578290140636
-0.4760761010632028
-0.4817166028206289
-0.16177337481213266
0.402693006104714
0.31463765830314655
-0.7850075350513238
-0.47222201053898316
0.33966974607273503
0.3559664115326942
0.6457424935610706
0.5464237103577824
0.6559289339211021
0.6401546431316609
0.6071704843579676
0.36685003030567176
0.39449181353828155
0.09592236980088473
0.27456275581483613
-1.0989084093738979
-1.9576943976913903
-1.176365279994183
-1.3001724417716398
-1.781154467949228
-1.1517647686952743
-0.39364579594364274
-0.9128405232076731
-0.5216461319462327
-0.6822832300690073
-0.5791223695479363
-2.164711917333367
-1.1506582899434397
-0.6857504292287457
-0.2143971973902804
-0.17511009282102274
-1.2635895725984534
-0.9879235245237871
-1.337442359453397
-1.5666737767781107
-1.817009938838741
-1.4728439799913375
-2.127053005009165
-2.4797241096975395
-1.3268570858155972
-0.10320587283831248
0.03726558755712416
-0.006963237799127851
-0.28001782559668825
0.15901239137511358
-0.3066390415543086
0.03146712200811257
0.34958025077271154
0.40705210684481063
0.2443821319535145
0.6094821967537698
0.18424967646081392
0.40938710683242957
0.3685487497910538
0.2967494954909046
0.5146691614665445
0.009529889474194975
-1.733094568199675
-0.7253765661941388
-0.5427882507555238
-0.12713077543084167
-0.24280755488140135
-1.1163321546003553
-0.8002982562596606
0.15813738612595254
-0.15810979595897476
0.22559029398893185
0.531443073975452
-0.13338767092643614
0.1522767284083533
0.3670807893781173
0.772127419498031
0.819576102770498
0.7928636365550908
0.791979031533415
0.6033275519773327
0.5262740751442223
0.49627744924181105
-0.10633555007890969
-1.4694453096811793
-0.7873805214054136
0.13291430287645284
0.36329106982818515
-1.4381258201326967
-0.7882161199029489
-0.45291171662745444
0.048039804922798274
0.19432528858647388
0.3312085605098645
-1.7799158240275845
-2.2870428452692484
-0.5331264524305355
-1.644995856090773
-1.085932455749045
-1.8934318191598891
-2.7899164925386963
-1.000186996579485
-0.6113633082381682
-0.7779977795857456
-0.37357607019297684
0.3686518795530457
0.20660645951560103
-0.04048468161038961
0.14294728917464453
0.3640096749177931
-1.2507803402358089
-0.44670347435602836
-0.29682280672516226
-0.29576191802688356
-0.57737458978798
-2.056718981565128
-2.6573107120805273
-1.8305224305488514
-1.5735233643575386
-0.8565740793168455
-0.4335040382018088
-0.5117924841551375
-2.0062892695597325
-1.2183018525680536
-0.46239540253266287
-0.1025716857604491
-0.052867685852254
0.38251407971585266
0.08478450367506356
-0.9577893146199221
-0.8841513001921815
0.27562428998123073
0.32022582304282676
0.11232130197690467
0.2769796072042369
-0.08937570719901618
0.14088257700454054
0.02172032133483885
0.1740477098422782
-0.1043316835753099
-0.48240518249993947
-1.4203069086522049
-1.8624583683211569
-2.415901656399207
-1.9848988220238726
-1.1309820480259192
-1.0838124240695624
-1.8226488579759956
-1.936267805222726
-1.2228925161616058
-1.7460317766307183
-2.2390996629472175
-1.7142287003340095
-2.409901160097314
-1.7865796442779511
-0.47201218633044895
-1.0408627274876614
-0.7507524505457102
-0.4872790103311293
-1.0400807848386064
0.07980212934771354
-0.4776727439608845
0.5269973172269447
0.6098584858511543
0.5934287980231945
0.36065271062935034
-0.1651626537880116
-1.0073222264300994
-0.2918271104732981
-0.17879827584996713
0.10559373759174509
0.15568931198362207
-0.20677931993891374
-1.038243435293304
-1.883073870452515
-1.2247710077747842
-1.4856215031238504
-1.0884554045251116
-1.1806959472738496
-1.274540467891303
-2.3954387790504734
-2.692086488830421
-1.3692847379847346
-0.8820349667926387
-0.8791452700080528
-1.8120946711484358
-0.823532059980756
-1.842522282542585
-1.6112487373416131
-1.8423474403428912
-1.269589967142833
-1.1166526265326033
-1.5384495995397716
-1.564484354009668
-1.697654811523584
-0.7823491843212265
-0.3579456075907188
0.13884881988926479
0.44004225912273215
0.3305660586125776
0.3459258431021811
0.4684061132695829
0.13106960050294006
0.09629816385349833
-1.3051840851519956
-2.383815324731624
-1.5235454547675047
-0.8050623428682334
-1.1582573880954683
-0.8652604669900968
-0.8342670346769243
-0.7143991052775723
-0.9573882021010055
-1.1174854979074125
-1.2237779105723685
-1.9780248574885522
-2.6116209045986145
-2.4243353983970346
-1.8986879972491033
-1.1073551683947613
-0.8927266217169664
-0.05375868707958131
-0.15367738488106494
0.18230367077332685
0.11112092692014587
-0.5406338239945678
-0.14939027606694155
-0.031775638967522314
0.28138742754464063
0.2615753613442419
0.2179848958854441
0.22174293220717506
0.21481956364524774
0.37341011124770307
-0.21027310630190046
0.21076692303117334
0.31876011550323374
0.41240474188750115
-0.5734558724858966
-0.22535956154064554
0.2529779367101358
0.37953653207206367
0.433563197717336
0.3876019344996157
0.24972661830286583
-0.34285423999124187
-0.25413862535422965
-0.3934745013064004
-0.2312400389060285
-0.11246798182113693
0.518048931103373
0.43446133720163577
-0.08890464410400617
-0.754553349031055
-1.710687840037351
-0.45933571642651916
-0.31433783289927913
0.04621449014131105
0.12821805791322083
-0.018268897325257657
-0.7327782156053989
-0.7496402639203051
-0.7142241147848937
-0.2605644502993742
-0.4707942135085376
-0.26637222020448614
0.07633471190986708
0.2396962770962199
0.25369255609559477
0.1892703732613932
0.4074475501604211
0.23449233297781313
0.23855184377432495
0.027907699444617788
0.11683885436566896
0.08666014037661979
0.1779502919159282
0.2457564586478841
-0.17167196697767884
0.20018517319570875
0.4427436290029221
0.12471608749996006
0.18184434140802508
0.14730925385568047
0.35974042372526904
0.09930217992442701
-0.040639926916268755
0.3634732026956127
-0.14654896149975463
-1.1280725214988292
-0.6269793565130242
-0.6258507307369713
-0.297929725192879
-0.17269984624387694
-0.1109570733795159
-0.09908846808826374
-0.08070467235546175
-0.24567990074385498
-0.5633939081058599
-0.6597936163237238
-0.33171889104736024
-0.8422042304336821
-0.35436937072624347
0.3084810280374568
0.4424325320058257
0.09089465496558866
-0.44561761933040633
-1.1573319947494713
-0.5507875391811502
-0.2135784685796322
0.06258451230760108
-0.22129124621793747
-0.0640129117921184
-0.6782762685049593
-2.1566316660467955
-1.4931256331272214
-0.5989305908864399
-0.03920556954590284
0.010798614601120615
0.31902053826718263
0.0980110433600437
0.1845515752144813
0.008024986052182933
0.10199554868240863
-0.12552967105981175
0.09988687802711714
-0.5466802731043237
-0.8515007413599845
-0.5150219744958124
-0.5544843011076979
-0.155157476211928
-0.3231031642855035
-0.5998781909641603
-0.4283378066231577
-0.32693006203339214
-2.0921806934225375
-1.9750982609625756
-1.6897794331393725
-0.3334901878899272
-0.3234648169016213
-0.28989939481685717
0.22440000007713937
0.27487399322706874
0.36037876343430747
0.09661998506421778
-0.4411898671963905
-0.47750673808357363
-0.36287494284701516
-0.9513894997910529
-2.2307519415572328
-1.7766415644857219
-1.3633805267926133
-1.2054399790751171
-1.585134332965201
-2.2996984501994127
-1.8060689561890326
-2.6884092179209387
-2.436466853381492
-1.1040445241498482
-0.9163394048074911
-0.4027112802821612
0.198877287493697
0.3146317067195608
0.25677332689031285
0.09973939303676652
-0.6224320203181692
-0.7594372147409468
-0.2849581128923895
-0.02661910970353803
-0.4417631059667999
-1.7539808756426323
-1.1410241753167722
-0.4386482189678234
-0.03349682566005912
0.22417001153287128
0.11175014724029582
0.2836542362905826
0.5607885257020847
0.5680504228155588
0.7249742051225847
0.6808371746023294
0.44989105001446084
0.5732099530897905
0.6008018801440862
0.6407516650088627
0.007005255849365339
0.37206742406482074
0.26550678666707095
0.649741799805068
0.26365794043160085
0.1366549267882986
0.29253249239713275
0.5154548661618072
0.2764107877705856
0.04827184413633248
0.4074425384553649
0.009806787789498204
0.05898113197492181
0.1166949789156979
-0.023607180341728394
0.28858828123445884
0.49621016921803607
0.37904941037122764
0.027210040026747352
-0.4617600702306789
-0.03956448505599307
-0.6650577105858219
-1.8966357714853315
-2.361833278600058
-1.2801413932336605
-1.4129358846610058
-2.68649263244947
-2.822308976520285
-1.0458721018317196
-0.5026700310106375
-0.5160982228463803
0.2396988781540674
0.11748518239377122
0.12916928217630916
0.06587559349184954
-0.8108011117319572
-0.7968306372465329
-0.4481794338598266
-0.43806191522584886
-0.4636432664572059
-0.08889360758192033
-0.358650694800642
-0.08307508078762656
0.07023803255326798
-0.7247828690075886
-1.488880274686505
-0.8480343682207413
0.0029436032991580737
0.33358078485129355
0.11931605501439999
0.44199791993353793
0.5438103545665868
-0.007615161669870258
-1.3994866387143248
-0.41248812132931717
-0.16149906217308715
-1.2148300300084052
-0.4848744355266011
-0.1366020097835663
-0.35969760540530993
-0.0547019654236387
0.04678364818765683
-0.07111046053318908
0.08819113959533284
-0.02713182670118227
0.061887079458350105
-0.052255943646864526
0.10446370329654087
0.07078237514382399
-0.12913420561579547
-0.2999520213309023
-0.10357962392428624
0.05557966079510631
-1.2678399129356632
-2.295078174746318
-2.1453511482505423
-1.0385568728608767
-1.494521133956709
-0.42943907983987606
-0.5163622352823154
-0.13012416131152027
-0.2810736856715084
-0.217326869178592
-0.3897094325617134
-0.3448391340780903
-0.40501998416760454
-0.15985942389821847
-0.9143991426144326
-0.618481752328495
-0.5926291335378823
-1.313211264095813
-2.0412327965345103
-1.1561258619170462
-0.5078734240487026
-0.931968479791881
-0.7322190621801002
-1.8106660297771573
-2.13889053806905
-1.5070745767483469
-0.5102421524841881
-0.4902721497800591
-0.18597756530596718
-0.46637975760785366
-0.3127073372235459
-0.37503540070195307
-0.20964846662424325
-0.0007394416434676433
-0.04949184526781567
-1.1931965746388846
-0.38071533932406115
0.06626068535495026
0.0040365746095323484
0.16810707444630643
-0.3890222445317935
-0.5163953808704127
-0.4605311483906154
-0.9189326013120133
-0.617322364671402
-0.5754298119526988
-0.6052748756715804
-0.7430524277668563
-0.12703082466551943
-0.3814232195890215
0.09279326026087295
0.5324860945019179
0.36157421383865357
0.5757666759962166
0.37024353265921833
0.35811182855662843
0.3595107688415775
-0.04242903416741959
-0.23144734816277981
-0.030380539222294202
-0.6922256544180326
0.03983073822443982
0.01578778001236338
0.02655727719795541
0.38333562402986004
0.399864123329343
-1.1893838554174292
-1.5049364961908838
-0.15851447743320313
-1.2281770037807094
-1.1472536033699239
-0.8689873347573309
-1.1203166236558952
-0.8321524109534233
-0.28766033180040174
-0.20712576221199014
-0.23240880467269795
-0.7979536027185236
-1.1984820412539814
-0.7203064559987918
-1.7523953869474438
-2.538748799188803
-1.60408451087523
-0.5928032139383531
0.012903275880835677
-0.16927373645179436
0.08620543134336321
0.10540490106791116
0.20480195943672785
0.22725146894604198
-0.3854047502858781
-1.1638257668452852
-0.2917036958451533
0.1708512414266124
0.06926686381591445
0.13906071065846762
-0.8928228161244578
-0.17368121894612457
-0.31569384316620563
0.13059206239985593
0.4981210155450383
0.08955536494898139
0.2684355671505928
0.0690637576812128
-0.010437647104728923
0.07542068835978963
-0.5960425850323035
-0.3934042691935738
-0.5784967540200427
-0.20046838545558204
0.41464330855858406
0.5493180874881799
0.1797715253956287
0.27479759425606615
0.505783120425305
0.6395647878567995
0.6521583665524168
0.6522505635420924
0.6538063192329447
-0.18761328958422707
0.5830392514591042
0.4833045116329248
0.45547159980295265
-0.1100397486209828
-0.05509729583649294
0.2833265116389466
0.11046715142832274
-0.349120853776461
-0.4589477707658172
-0.4747509443666683
-2.123780742096
-1.4747054300355535
-0.44432386829864096
-0.5311921296493419
0.10347127969382718
0.27861301897403074
0.2923897489749139
-1.1020165600418643
-2.0974432469698985
-0.9296471846425283
-1.340801293396051
-1.6472754114646755
-0.5943647523424345
-0.003751552958207831
0.2756588714817988
0.06736631351439208
-0.13849015116914046
-0.45229874671848835
-0.05126957614165808
0.3562221944585173
0.22713585198339242
0.41669826784695674
0.29606032222284895
0.6193329637964716
0.25338100758739
-0.1608565735935234
0.3051697214126625
-0.7289032861614304
-0.0636054561065156
0.34647799861915934
0.12312690691377755
-0.9613349385203372
-0.1575597119551816
0.10074707469613228
-0.01050806183295223
-0.5250327480430225
-1.031971410610603
0.19594156881125932
0.8134472556207442
-0.30571544380355076
-0.46982238359640605
0.17655940607863904
0.5630237878664949
0.6494417914600341
0.5722994433762625
-0.07518225683638946
0.08384932333996405
0.04979648586844396
0.07651677140630445
-1.0537756146057202
-0.30964734813241507
-0.20920954607999726
0.11551189587057036
0.1808500173818091
-0.3576166009026929
-1.1216855009257038
-0.2181223069644024
0.30242461414059735
0.12930185946510428
0.18670234716568745
0.6503705248585662
1.0585495336547284
0.03250964723546849
0.377013696134294
-0.4985061965235091
0.3500756473270933
-0.6523924496451033
0.7708014339546162
0.4747602392373944
-0.693138088144564
0.4859637903747107
0.37465634209835685
0.04003370562841775
0.2823975500664286
-0.10661870146596991
0.8623308958838428
0.781504404138292
0.09487954030374735
-0.48287948583318296
-0.7287640858908343
-0.9503205885986079
-0.7033315297693593
-0.7717589544583542
-0.15378731760793718
-0.07212717244821974
0.10422691935880023
0.29612153257852414
-0.15113306846000557
-0.3986751604372074
0.15293564166118037
0.3393658361383134
-0.25269277572466053
0.3430237868738114
-0.15293084775548774
0.5296456493582596
0.2646567808725453
0.3695943807135607
-0.4678662017149394
-0.52300294524792
0.1770988532035051
0.18922638539763822
0.29496530021794687
-0.02658388744670329
-0.1320571494237401
0.018998457906630267
0.28531921793584814
0.27692672769637616
0.5116236870023078
0.4299772213701932
0.2607395642391221
0.5342006090298372
0.6070392542659429
0.844303597122278
0.32017552797249005
0.5740434484070688
-0.562509767370517
0.13267130587210813
-0.6951137056338524
-0.033895060262025
0.28059734489490357
0.5681416168066423
0.09918338547349369
-0.4479712010232747
-1.286878802365644
-0.7782732201484087
0.004515695276730287
0.06704323245113593
0.2024565676019348
0.2508750772344257
0.0058359978866681
-0.07798657181301136
0.1092561397465811
0.25911181494046726
-0.12011159112097423
0.46117543392780785
0.483005835111952
0.8572204151543924
0.8460867862933171
0.8541168305798057
0.9865016239851246
-0.09421593865448347
-0.6654950686320885
-0.4170012701726482
-0.0868687363020222
0.14772677565845563
0.370373294111106
0.5536127852983905
0.7189799751108359
0.9709013009039076
1.0051074188374955
0.895132522608765
0.8148345735670577
0.8779288595121594
0.816585360621549
0.751555937961835
0.37543997755603264
0.30853963090724396
0.33795056110592747
0.3379821675969678
0.482288561428956
-0.1840953918006899
0.09644093510199905
0.06301528287293964
-0.2214785752576606
-0.17009950170609467
-0.38939208213942444
-0.2232935329104665
-0.6842154245740186
-0.1622106184044368
0.041956545936425824
0.24870950608382492
0.20673755478453484
0.001586356850603828
0.16196018325235115
0.19599917879566978
-0.21635096356479389
-0.8483320451562585
-1.265126607645469
-0.7428983322007754
-0.7296436278531427
-0.4454093777902855
-0.4129720067255396
-0.5286464105953466
-0.5104488061198007
-0.5156420267123498
-0.1693264107009747
0.0019013043765335241
0.1667320385348289
0.4677085359738382
0.08341032521529688
-0.12473044020325878
0.1666181390374071
-0.10816497694844975
-0.08379844620972263
-0.352969057832819
0.3821218368045509
0.4765395581105247
0.5043240695440804
0.436164695053101
0.6104153709128957
0.19448102720872235
0.44138552075578685
0.3847951034418769
0.71426861443352
0.7750896778876487
0.47361115765538975
0.6013138867927479
0.5177929237670373
0.4307514346824002
0.05239497638158495
-0.20381253177389458
0.07128788295684158
-0.3536788468127041
-0.06227692513373366
0.0010202850044832806
-1.1076675280406598
-1.4358477229199864
-1.7293630460473493
-1.9359247656000482
-1.8340373943938701
-2.3703311499591915
-1.7132537351777508
-0.7093820691855458
-0.36781246997498934
0.16991147346000351
0.29892437742002737
0.2865099186078292
0.32833524941433107
0.3946313942274665
0.4729159517762803
0.38262750685115493
0.27994749593330553
0.2045478398491439
0.10581176415925134
0.23879016884975138
0.06380420952462945
0.09344267282140344
0.5201359428462463
0.41751945935804147
0.0033008215661673654
-0.41761383868945473
0.025906341652709875
0.03822339717949041
0.37525638333822764
0.4286867742120589
0.4876925270366714
0.6295785077956868
0.5323800271781893
0.555770878912125
0.5193251766813308
0.42363597294391353
0.3973358017696705
-0.5476506975969823
-0.3034615744870698
-0.7325144862521904
-0.31779658516475795
-0.5861216843003411
-0.4047049515346605
-1.0655405597209664
-0.29936822304934435
-0.5424299368516621
-0.9253253664883024
-0.5024635526279585
-1.6554233062705699
-1.7858835871552514
-1.3198843350187366
-1.5855106827817884
-1.174162359291677
-1.4385640069308372
-2.3236170872490756
-2.2817209694692044
-2.3270587290530154
-2.7164340459442777
-1.562507136529551
-1.0324941297455725
-0.3232301395491433
-1.286539243959428
-0.418591021328206
-1.0912355035915537
-1.4251397214996844
-0.7096022304094975
-1.8720000328799236
-1.4237695218004516
-1.1057892884433334
-0.5730136341250391
-0.3623314065366374
-0.6283261315956116
-0.6463361988994201
-1.1608066923792681
-1.1734847410949043
-0.9212274803193289
-0.9904941486596974
-1.0432636954568213
-0.6753079217256641
-0.12957152430989272
-0.387636107152201
-0.33500052010967885
-0.22233737462408062
-0.11266366401849891
-0.015079209957475451
-0.10340212011193047
-0.053564395275645195
-0.3469828240367827
-0.14289372786285554
-0.2028158575155278
-0.16962653287778548
-1.4855475532322766
-1.7812906784044256
-1.2707885237411167
-0.7249401718654882
-0.923256572781782
-0.6552857279067326
-0.08900880811384426
0.17503045029033873
0.1835402017849463
0.23010036145464977
-0.050927655982736
-0.5754450620272187
-1.2312245771591481
-0.22872828781214
-0.3103668832978278
-0.7763228670132106
-0.8598151851214331
-0.748314283999106
-1.485662181909992
-1.8333553228256687
-1.217902159524373
-1.3750303562894406
-1.4263221922660025
-1.054676332253665
-0.8856421378353838
-0.32756167374794193
0.07676236216708601
-0.6032645514319775
-0.6067122620219326
-1.1124322307903218
-0.8251260980103244
-1.2359825274197138
-0.15548104684288125
-0.3029894519180024
-0.934640656349097
-0.04968138587717987
-1.072275416092633
-0.49597487813272767
-0.466523923077377
-0.8923191554506771
-0.702949310114965
-0.7290137773504335
-0.4511195876439207
-0.8618114062461724
-1.786194548091989
-0.9241045124152835
-0.630487875294937
-0.35733714958024315
-0.5225056095098914
-0.0697407309860364
-1.3179559844670254
-1.6329149407371422
-2.4327996201511586
-0.8157922211551665
-0.2703538941222949
-0.17892440666528603
0.3042634033955295
-0.20698748131583977
-1.4897265956674826
-2.1057380074631067
-1.6946612352963355
-2.4461891679063323
-1.7153820466960819
-1.3691457357284564
-1.000663694010722
-0.9550422641992227
-0.7903009339848686
-1.0829828406977504
-0.6778884682698244
-1.4821066937855207
-1.3165649018393009
-0.5217699504823146
-0.43316216141184494
-0.299386491175257
-0.4798545848730079
-0.21228584092260128
-0.7500825354005924
-0.5237415677744042
-0.5688538352841188
-0.7564287969290285
-1.0407979527180695
-1.699616433973451
-1.5793571909832687
-1.674361699329689
-1.8981806114783888
-2.1018467996249353
-1.9019095432697
-1.463435957901495
-1.039901996079158
-0.6634800407602006
-1.034407497699837
-0.7662498991031376
-0.7006268543424062
-0.8052831384446835
-1.0342458569796928
-1.045361836390392
-1.7238318929372134
-1.8075135242318907
-0.9639505291530119
-1.058617539378684
-1.253793255648347
-1.26874309051704
-1.4219296099568879
-1.9093365761590226
-1.9481649869357212
-1.6949475876052507
-1.1875640997182542
-1.31279252619112
-1.7281267229048098
-1.9617367971995054
-1.070797600683443
-1.157236147742389
-0.8503188850411725
-1.0006842946356396
-1.3825737092919963
-0.6290307735950682
-0.507787069907915
-0.38933560077541374
-0.3566930516657766
-0.2728760361373935
-0.2218721335549164
0.2652847412065273
-0.24575895470553868
0.39218167920833974
0.6946351530906025
0.6471498476847529
0.7894416867770838
0.9808464768170563
0.8385414527422361
0.6916919002318952
0.7573766459108912
-0.4662917686456079
0.1842346518051609
-0.5921587479170723
0.307977534639488
0.039196879086297855
0.1858810120951539
0.41254337388730766
0.6162681938506253
0.5530118812126567
0.09595227309595493
-0.11951717210989805
-0.6501284182830293
-0.22878388731397195
0.313303399586417
-0.21343871910420065
0.27029259480446394
0.021637897845620306
0.3364969745405537
0.6473815515742829
0.6514794387262332
0.47888809790055736
0.5658766329655833
0.5498816996551316
0.47013421272196904
0.29750482716489973
0.5240218675946439
0.39827058050724595
0.6092311762403982
-0.42640556814959885
-1.072075951542368
-1.665597376334482
-0.47679290905009397
-0.8270034667302911
-0.5875516677592427
0.2866514927672645
0.3414849660203647
0.1117774224619004
0.22922441618407266
0.07814453818384483
0.7037945516627053
0.5092441084881596
0.3013446201706447
0.8018213583306272
0.7713078706443276
0.6715110525379652
0.808590984422898
0.9605389480772987
0.8317262822846955
0.3261685595536452
0.9804236467571776
-0.7178281753474045
0.04759313998911157
0.4477172274360199
0.5952661319783004
0.41412252636886776
0.33134563426219676
0.27192721581760565
0.253122130764819
0.4139297923014384
0.3776156742503213
0.19841394912937163
0.6741080582067475
0.8247099683147938
-0.14429406695361452
0.3768116392332007
-1.243468888763227
-0.3964825705618809
0.16777892448161758
0.6374884379003309
0.33829053420855926
0.8435361309703943
0.7111586636647201
0.13410359829359186
0.5717088204702008
0.7838568783800421
0.8524143043258919
0.5559924198699551
-0.017809298822895916
-0.740440486658379
-1.8249751172987418
-2.083003513188497
-0.6944205877975419
0.27631424555560524
0.3162660618042537
-0.9548960047428741
-1.7569747526426565
-1.0553196664226767
-0.724474384567668
-1.0967790831996524
-0.8578840179719721
-0.7421848180476422
-0.9192283399054432
-0.3173382352477925
-0.049327696371036595
-0.2568739796662968
0.03529761394795865
0.09392941325429535
-0.2733255234709742
0.20874259566369
0.14828409570895487
0.09440808688217343
0.24234613293285168
0.31009891448670296
0.6604174727735477
0.7720198297823112
1.0311775882068832
0.7684108720684426
-0.4141767580229084
-0.21203391083132167
-0.14223011722673556
-1.0111823810506153
-1.4503039281189698
-1.8140392237987666
-1.9293917378960723
-1.2539996254927244
-0.3220771297470775
0.16424977467904658
0.04551748863852234
0.17652130762766846
0.44022156642442656
0.560636883803922
0.16671061689521688
0.15445457995437878
0.33978173715237037
0.4508730433346116
-0.1729405322948295
-0.4029492929674528
-0.7880172861245365
-1.1316478626066337
-1.5313925712487635
-1.1975713462933724
-0.9867304963829512
-0.5250513825958131
-0.6790369286499471
-1.6524130484870247
-0.29103284114536276
0.07684245767693453
-0.04087081540796601
0.3050144028681601
-0.2192042365240309
0.14858259165986173
0.07007347033551306
-0.17840634677545011
-0.05650091477430922
0.06563689688897989
0.04250199263008103
0.16610889755155692
0.20036807839601717
-0.4355692756722936
-0.7837053794726664
0.2522956698179183
0.7086510862106637
0.9165728692323487
1.142718807766233
1.2678100346698384
1.3431972823389826
1.3502670638163552
1.1273596180289789
1.5688649309494986
1.4904498567131927
1.4421964064731068
1.549257455942191
1.4770634914343803
1.3843408722106794
1.415967042003517
1.570210245660587
1.6082654175252564
1.4545866610755718
1.493988514649936
1.7170412577546315
1.7182740519221922
1.3542948296771753
1.698938303862803
1.5976387187787535
1.57182351321926
1.5525962523449088
1.3766264803879866
1.5746382203601617
1.584923797599009
1.3973555469764716
1.2468856820828016
1.5645865064540139
0.8652679335339072
0.8810532007932417
-0.4000497617965771
-1.4357138678327896
-1.5041070270047994
-1.185966717640446
-1.2355177303248872
-0.3453801197999439
0.46757035854007734
-0.11514996550813072
-0.041674841098325414
0.2438403029718272
0.42256241468290134
0.4993900188038742
0.37764637171800475
0.03106728978557995
0.013956078404694738
-0.18994535411039548
0.2625510682088539
0.4401009045352533
-0.12062221654389442
-0.7291362759221679
-0.33637736083897873
0.5356895261452052
0.9091160114516623
0.47745640813085616
0.6448286335810733
0.6786548332669373
0.8479632643858098
0.9273455294367694
1.3176415199241729
1.2691199608081059
0.7359906466139812
0.7652453463025495
1.3673459716785203
1.388801962337252
0.9797200762379076
0.6366579678577831
0.6124237560926711
0.7201967104321547
0.9458922584577985
0.7184713592536294
1.295144049558447
1.3729021751230117
1.2691849354264
1.4019177669033407
1.2095353920560714
0.5012545866818995
0.9811991718245888
0.6778926189920965
-1.4931932861231458
-1.2461760592883042
-1.2177176496787752
-0.27726141292884904
-1.0346761172450063
0.18497520112074173
0.20414633904889998
0.15063120785802267
0.7294925605942311
0.7058801579186947
0.8032756972775879
1.195439947435753
1.0990526577523518
0.7041488482453537
0.7176690106450583
0.711856208938907
-0.8510732999395183
-1.1765592302008279
-1.5323380707419247
-1.6859539161126738
-0.2690607199068241
-1.4064251919410495
-1.5481845798590654
-1.524733042282825
-1.2383561951156437
-1.384646495750308
-2.0134238361402668
-1.4151969670521298
-0.8982884499027338
-0.5818578997087833
-0.3501374336111705
-0.07984707303036917
-0.4258251168699345
-0.6614678172181674
-0.7420953977563721
-0.1845494846968891
0.09124645104281215
0.3101179842883225
0.5995930563004904
0.45112999450800195
0.5466164049789859
0.7120411602931497
0.45110301996762914
0.22689993176010348
0.3489796032497243
-0.49751015045616215
0.2698342454111961
0.33276397027718324
0.1630341228462975
0.5264920379193894
0.6119249925712871
0.637449696390614
0.2542703662376002
0.6984968856101157
0.7870377515596103
0.49154701609511914
0.4479265214023744
0.23012619387626482
0.08534436413608268
0.08397257587849605
-0.28538998649266006
-1.0382561927504024
-0.8376604336121541
-1.8673744349173877
-1.988959774259096
-1.3088059303284998
-0.8564110792939519
-0.8960821848911397
-1.7434655437944493
-0.646574954331049
-1.6138110996157538
-1.831934025923305
-0.8046369976129688
-0.4357514500544137
-0.541605638213163
-0.4240149969912982
-0.7651142232542322
-0.5880935132289876
-0.24349045246811438
-0.7049574943454855
-0.9394803183500797
-1.928804289095637
-1.2701637532702328
-1.6168548224007375
-1.0775324872149283
-1.6741244808505877
-0.7846397558243031
-1.3348198393236015
-1.5692542888702843
-0.27262990442553525
0.6330042511470465
0.668144385625725
0.8865420626538939
0.7662320209714609
0.7863005318521006
-0.5700461017838991
-1.1420639217767274
-0.5998145798683076
-0.022446407855222394
0.7569562792514622
0.7682927257236258
-1.5841367789544423
-0.13880395742683416
-0.010015890607675553
0.39356889470384776
0.9619204300645043
0.8248132818666287
1.1727877041670478
1.0458822342192657
1.0947651531838938
0.9247041596047713
0.7788872755129779
0.6512822164750711
0.7469773106617135
0.4578934721434053
-0.26283244577453985
-0.27780883317946276
0.29115309573056575
0.5312131917165978
0.12506068790068342
-0.6286141336752962
-2.541119584430148
-1.521537994956186
-1.1076045756829869
-1.4021750030410156
-0.7517893114896854
-0.0887380918557787
0.11906005336915858
-0.5457574892514188
-0.4075967607839293
-0.36465675202509884
-0.6928463278723049
-0.031570020307633964
0.4664403083698859
-0.06216172652324932
0.2703423354668649
0.6379583679140708
0.5853709706774424
0.8536596631838902
-0.12125893054987094
-0.9003446474215839
-0.4562995691817913
-1.06790243358399
-1.7166975081006965
-2.095731654951244
-0.38592428723246935
-1.7442549487738352
-0.5207483886763008
0.3492519379684151
0.6493680448393876
0.5506490516841622
0.43714995742266555
0.42968848341494226
0.09261698945278805
0.1752780868625209
0.19392721408618002
-0.07714793603011184
-0.7323258395587205
-0.5719182293497416
-0.013749886615082604
-0.4907503981113226
-1.9064730866327146
-0.43719663733537445
-1.3611831833833565
-0.38751970367623323
0.22171995981493067
0.8298121048649945
0.6811010207883924
0.6486352549057522
-0.9470200349909961
-0.3801061037793197
0.23259782775120239
-0.20445570974145316
-1.7280440269484678
-0.24178088536062864
-0.6378650637435986
-1.0786374780749102
0.14226417594322693
-0.15019954712534098
-2.124607394980535
-1.6037744758850616
-1.9082890491369249
-1.7326063174096935
-1.3434784943219895
-1.6082279399667858
-0.8113220362249547
-0.7280167633120329
-0.4164264269783932
-0.3045880891035381
-0.26839999039275825
-0.13220460049857888
-0.75286823839694
0.392512411363716
-0.4724092148057292
-0.2932286373510515
-0.11756440066584382
-0.30654127196950165
-0.5453811493179621
-0.21570200409043233
-0.6847680640561283
-1.351095704763801
-0.2418482061425897
-0.7133649398832169
-0.7172460306321035
-0.5500390286269173
-0.765659540835879
-0.5120418032233554
-0.23216518431592675
0.10521344016866639
0.3014654432325639
0.29512977640023697
0.23404563628167965
0.18494213052148145
-0.28214557134227
-0.4217179863786745
-0.4218249367403853
-0.7044772921444181
-0.2351279544859685
-0.09919961896062097
0.08147221126978946
-0.23101854877853925
-0.4060403139227657
-1.1408111662775369
-1.0277834751635757
-1.6858684934514159
-1.8421937715589283
-2.0547393272238894
-1.9730318407030043
